11:59:00 0.000 92.91 92.91 92.89 92.90 106.21 106.22 105.83 105.83 92.92 92.92 83.86 82.99 95.40 95.43
11:59:02 0.000 92.91 92.93 92.90 92.91 106.21 106.22 105.83 105.83 92.92 92.92 83.86 82.93 95.36 95.40
11:59:04 0.000 92.92 92.93 92.91 92.91 106.21 106.21 105.83 105.83 92.92 92.92 83.87 82.87 95.33 95.36
11:59:06 0.000 92.91 92.93 92.91 92.91 106.21 106.21 105.83 105.83 92.92 92.93 83.87 82.81 95.29 95.33
11:59:08 0.000 92.91 92.93 92.91 92.92 106.20 106.21 105.83 105.84 92.92 92.93 83.87 82.75 95.26 95.29
11:59:10 0.000 92.93 92.94 92.91 92.92 106.20 106.21 105.84 105.84 92.93 92.93 83.87 82.70 95.22 95.26
11:59:12 0.000 92.91 92.93 92.91 92.91 106.20 106.20 105.84 105.84 92.93 92.93 83.88 82.63 95.19 95.22
11:59:14 0.000 92.91 92.92 92.91 92.92 106.20 106.20 105.84 105.84 92.93 92.93 83.88 82.58 95.15 95.19
11:59:16 0.000 92.91 92.92 92.92 92.93 106.20 106.21 105.83 105.84 92.93 92.94 83.87 82.53 95.13 95.15
11:59:18 0.000 92.92 92.92 92.93 92.93 106.21 106.21 105.83 105.83 92.94 92.94 83.87 82.47 95.09 95.13
11:59:20 0.000 92.90 92.92 92.93 92.93 106.20 106.21 105.83 105.83 92.94 92.94 83.88 82.43 95.07 95.09
11:59:22 0.000 92.90 92.92 92.93 92.93 106.20 106.21 105.83 105.84 92.94 92.94 83.89 82.39 95.04 95.07
11:59:24 0.000 92.89 92.90 92.93 92.93 106.21 106.22 105.83 105.84 92.93 92.94 83.89 82.36 95.02 95.04
11:59:26 0.000 92.89 92.89 92.92 92.93 106.22 106.22 105.83 105.84 92.94 92.94 83.89 82.33 95.01 95.02
11:59:28 0.000 92.89 92.90 92.92 92.93 106.22 106.22 105.84 105.84 92.94 92.95 83.90 82.31 94.99 95.01
11:59:30 0.000 92.90 92.90 92.93 92.93 106.21 106.22 105.84 105.84 92.95 92.95 83.91 82.28 94.98 94.99
11:59:32 0.000 92.89 92.90 92.93 92.93 106.21 106.21 105.84 105.84 92.95 92.95 83.91 82.26 94.96 94.98
11:59:34 0.000 92.89 92.90 92.93 92.94 106.21 106.21 105.83 105.84 92.95 92.96 83.92 82.25 94.95 94.96
11:59:36 0.000 92.90 92.92 92.93 92.94 106.21 106.21 105.83 105.83 92.96 92.96 83.92 82.24 94.95 94.95
11:59:38 0.000 92.91 92.92 92.93 92.94 106.21 106.21 105.83 105.83 92.95 92.96 83.92 82.23 94.94 94.95
11:59:40 0.000 92.91 92.92 92.93 92.94 106.21 106.21 105.83 105.83 92.95 92.95 83.93 82.23 94.94 94.94
11:59:42 0.000 92.91 92.92 92.93 92.94 106.21 106.21 105.83 105.83 92.95 92.96 83.93 82.21 94.94 94.94
11:59:44 0.000 92.91 92.91 92.93 92.94 106.20 106.21 105.83 105.83 92.96 92.96 83.94 82.21 94.94 94.94
11:59:46 0.000 92.91 92.91 92.93 92.94 106.20 106.21 105.83 105.83 92.96 92.97 83.95 82.20 94.94 94.95
11:59:48 0.000 92.91 92.91 92.94 92.94 106.20 106.21 105.83 105.83 92.97 92.98 83.95 82.20 94.95 94.95
11:59:50 0.000 92.91 92.92 92.94 92.95 106.20 106.21 105.83 105.84 92.97 92.98 83.95 82.19 94.95 94.95
11:59:52 0.000 92.91 92.92 92.94 92.95 106.20 106.20 105.84 105.84 92.97 92.98 83.96 82.18 94.95 94.96
11:59:54 0.000 92.91 92.91 92.94 92.95 106.20 106.21 105.83 105.84 92.98 92.98 83.96 82.19 94.95 94.96
11:59:56 0.000 92.91 92.92 92.94 92.95 106.21 106.21 105.83 105.84 92.98 92.98 83.96 82.19 94.95 94.96
11:59:58 0.000 92.92 92.93 92.95 92.95 106.21 106.21 105.83 105.84 92.98 92.99 83.97 82.19 94.96 94.96
