12:48:00 0.000 92.67 92.69 92.26 92.27 101.20 101.20 101.03 101.04 92.27 92.29 86.04 86.06 94.19 94.20
12:48:02 0.000 92.68 92.69 92.26 92.27 101.19 101.20 101.02 101.04 92.29 92.29 86.06 86.07 94.19 94.20
12:48:04 0.000 92.68 92.69 92.26 92.26 101.19 101.20 101.02 101.02 92.29 92.30 86.07 86.08 94.19 94.20
12:48:06 0.000 92.68 92.69 92.26 92.26 101.20 101.20 101.01 101.02 92.30 92.30 86.08 86.10 94.20 94.20
12:48:08 0.000 92.69 92.69 92.26 92.26 101.20 101.20 101.00 101.01 92.30 92.32 86.10 86.12 94.20 94.21
12:48:10 0.000 92.66 92.69 92.26 92.26 101.19 101.20 101.00 101.00 92.32 92.33 86.12 86.13 94.21 94.22
12:48:12 0.000 92.66 92.68 92.26 92.26 101.19 101.20 101.00 101.00 92.33 92.33 86.13 86.14 94.22 94.22
12:48:14 0.000 92.67 92.68 92.26 92.26 101.19 101.20 101.00 101.00 92.33 92.35 86.14 86.16 94.22 94.23
12:48:16 0.000 92.67 92.68 92.26 92.26 101.20 101.21 101.00 101.00 92.35 92.35 86.16 86.17 94.23 94.23
12:48:18 0.000 92.66 92.68 92.26 92.27 101.20 101.21 100.99 101.00 92.35 92.36 86.17 86.18 94.23 94.24
12:48:20 0.000 92.66 92.67 92.27 92.27 101.20 101.21 100.98 100.99 92.36 92.36 86.18 86.20 94.24 94.25
12:48:22 0.000 92.67 92.69 92.27 92.28 101.21 101.21 100.97 100.98 92.36 92.37 86.20 86.21 94.25 94.27
12:48:24 0.000 92.68 92.69 92.28 92.29 101.21 101.21 100.97 100.97 92.37 92.38 86.21 86.23 94.27 94.27
12:48:26 0.000 92.67 92.68 92.28 92.29 101.20 101.21 100.97 100.97 92.38 92.39 86.23 86.24 94.27 94.28
12:48:28 0.000 92.67 92.68 92.29 92.30 101.20 101.21 100.96 100.97 92.39 92.40 86.24 86.26 94.28 94.28
12:48:30 0.000 92.67 92.67 92.30 92.31 101.21 101.21 100.96 100.96 92.39 92.40 86.26 86.26 94.28 94.29
12:48:32 0.000 92.67 92.68 92.31 92.32 101.20 101.21 100.96 100.96 92.40 92.41 86.26 86.27 94.29 94.29
12:48:34 0.000 92.66 92.67 92.32 92.32 101.20 101.21 100.96 100.96 92.41 92.42 86.27 86.29 94.29 94.29
12:48:36 0.000 92.66 92.67 92.32 92.33 101.21 101.21 100.96 100.96 92.42 92.43 86.29 86.31 94.29 94.29
12:48:38 0.000 92.67 92.68 92.33 92.34 101.21 101.21 100.96 100.96 92.43 92.44 86.31 86.32 94.29 94.29
12:48:40 0.000 92.68 92.68 92.34 92.35 101.21 101.22 100.95 100.96 92.44 92.45 86.32 86.34 94.29 94.30
12:48:42 0.000 92.68 92.68 92.35 92.36 101.20 101.21 100.95 100.95 92.45 92.45 86.34 86.37 94.30 94.31
12:48:44 0.000 92.68 92.70 92.36 92.37 101.20 101.21 100.95 100.95 92.45 92.46 86.37 86.38 94.31 94.32
12:48:46 0.000 92.69 92.69 92.37 92.37 101.20 101.21 100.94 100.95 92.45 92.46 86.38 86.40 94.32 94.32
12:48:48 0.000 92.67 92.69 92.37 92.38 101.21 101.21 100.94 100.94 92.46 92.47 86.40 86.41 94.32 94.33
12:48:50 0.000 92.66 92.67 92.38 92.39 101.21 101.21 100.94 100.94 92.47 92.48 86.41 86.42 94.33 94.34
12:48:52 0.000 92.66 92.66 92.39 92.40 101.21 101.21 100.94 100.95 92.48 92.49 86.42 86.45 94.34 94.35
12:48:54 0.000 92.66 92.67 92.40 92.40 101.21 101.21 100.94 100.94 92.49 92.50 86.45 86.46 94.35 94.35
12:48:56 0.000 92.67 92.68 92.40 92.41 101.20 101.21 100.94 100.94 92.50 92.51 86.46 86.47 94.35 94.36
12:48:58 0.000 92.68 92.68 92.41 92.41 101.20 101.20 100.93 100.94 92.51 92.52 86.47 86.48 94.36 94.37
