12:35:00 0.000 92.65 92.66 92.44 92.44 102.48 102.48 102.19 102.19 92.41 92.41 85.49 85.50 94.54 94.55
12:35:02 0.000 92.65 92.66 92.43 92.44 102.48 102.49 102.19 102.20 92.41 92.42 85.50 85.51 94.55 94.55
12:35:04 0.000 92.63 92.65 92.42 92.43 102.48 102.49 102.19 102.20 92.41 92.41 85.51 85.51 94.55 94.55
12:35:06 0.000 92.62 92.63 92.42 92.42 102.48 102.48 102.19 102.20 92.41 92.42 85.51 85.52 94.55 94.56
12:35:08 0.000 92.62 92.64 92.42 92.42 102.48 102.48 102.20 102.21 92.42 92.42 85.52 85.53 94.56 94.57
12:35:10 0.000 92.64 92.65 92.41 92.42 102.48 102.48 102.20 102.21 92.42 92.43 85.53 85.54 94.56 94.57
12:35:12 0.000 92.64 92.66 92.41 92.41 102.48 102.48 102.20 102.20 92.43 92.43 85.54 85.55 94.57 94.57
12:35:14 0.000 92.64 92.66 92.41 92.41 102.48 102.48 102.20 102.20 92.43 92.44 85.55 85.55 94.57 94.57
12:35:16 0.000 92.64 92.65 92.41 92.41 102.48 102.48 102.20 102.20 92.44 92.45 85.55 85.56 94.57 94.58
12:35:18 0.000 92.64 92.64 92.41 92.41 102.47 102.48 102.19 102.20 92.45 92.46 85.56 85.57 94.58 94.59
12:35:20 0.000 92.64 92.64 92.41 92.41 102.47 102.48 102.19 102.20 92.45 92.47 85.57 85.58 94.59 94.60
12:35:22 0.000 92.64 92.64 92.40 92.41 102.48 102.49 102.20 102.20 92.47 92.47 85.58 85.60 94.60 94.61
12:35:24 0.000 92.64 92.64 92.41 92.42 102.49 102.49 102.20 102.20 92.47 92.48 85.60 85.61 94.61 94.62
12:35:26 0.000 92.64 92.65 92.42 92.42 102.48 102.49 102.20 102.20 92.48 92.49 85.61 85.63 94.62 94.62
12:35:28 0.000 92.65 92.65 92.42 92.42 102.48 102.48 102.20 102.20 92.49 92.50 85.63 85.64 94.62 94.63
12:35:30 0.000 92.65 92.65 92.42 92.42 102.48 102.48 102.20 102.20 92.50 92.51 85.64 85.65 94.63 94.65
12:35:32 0.000 92.65 92.65 92.42 92.42 102.48 102.48 102.20 102.21 92.51 92.52 85.65 85.67 94.65 94.65
12:35:34 0.000 92.64 92.65 92.42 92.43 102.48 102.48 102.21 102.21 92.52 92.54 85.67 85.69 94.65 94.66
12:35:36 0.000 92.64 92.65 92.43 92.44 102.48 102.48 102.20 102.21 92.54 92.55 85.69 85.69 94.66 94.67
12:35:38 0.000 92.64 92.65 92.44 92.44 102.47 102.48 102.20 102.21 92.55 92.56 85.69 85.70 94.67 94.67
12:35:40 0.000 92.65 92.65 92.44 92.46 102.47 102.48 102.20 102.21 92.56 92.57 85.70 85.72 94.67 94.69
12:35:42 0.000 92.65 92.65 92.46 92.46 102.47 102.47 102.20 102.20 92.57 92.57 85.72 85.74 94.69 94.70
12:35:44 0.000 92.64 92.65 92.46 92.47 102.47 102.48 102.20 102.21 92.57 92.59 85.74 85.75 94.70 94.71
12:35:46 0.000 92.64 92.65 92.47 92.48 102.47 102.48 102.20 102.21 92.58 92.59 85.75 85.77 94.71 94.71
12:35:48 0.000 92.64 92.65 92.48 92.49 102.47 102.48 102.20 102.21 92.59 92.61 85.77 85.78 94.71 94.72
12:35:50 0.000 92.64 92.65 92.49 92.50 102.47 102.47 102.21 102.21 92.61 92.62 85.78 85.79 94.71 94.72
12:35:52 0.000 92.65 92.66 92.50 92.51 102.47 102.47 102.21 102.22 92.62 92.62 85.79 85.80 94.72 94.73
12:35:54 0.000 92.65 92.69 92.51 92.52 102.46 102.47 102.22 102.22 92.62 92.63 85.80 85.81 94.73 94.74
12:35:56 0.000 92.65 92.69 92.52 92.52 102.46 102.46 102.22 102.22 92.63 92.63 85.81 85.83 94.74 94.75
12:35:58 0.000 92.65 92.66 92.52 92.53 102.46 102.47 102.21 102.22 92.63 92.64 85.83 85.85 94.75 94.75
