12:24:00 0.000 92.63 92.64 92.38 92.38 103.81 103.81 103.61 103.61 92.39 92.40 84.49 84.50 94.87 94.88
12:24:02 0.000 92.64 92.65 92.38 92.38 103.81 103.81 103.61 103.61 92.39 92.40 84.50 84.51 94.87 94.88
12:24:04 0.000 92.65 92.66 92.38 92.38 103.81 103.82 103.61 103.61 92.40 92.41 84.51 84.53 94.88 94.88
12:24:06 0.000 92.65 92.66 92.38 92.38 103.81 103.82 103.61 103.61 92.41 92.41 84.53 84.54 94.88 94.88
12:24:08 0.000 92.66 92.66 92.38 92.39 103.81 103.81 103.61 103.61 92.41 92.42 84.53 84.54 94.88 94.88
12:24:10 0.000 92.65 92.66 92.39 92.39 103.81 103.81 103.61 103.61 92.42 92.43 84.54 84.54 94.88 94.90
12:24:12 0.000 92.66 92.66 92.39 92.39 103.81 103.81 103.61 103.61 92.43 92.43 84.54 84.54 94.89 94.90
12:24:14 0.000 92.65 92.66 92.39 92.39 103.81 103.81 103.61 103.61 92.43 92.44 84.54 84.55 94.90 94.91
12:24:16 0.000 92.66 92.67 92.39 92.39 103.81 103.81 103.60 103.61 92.43 92.44 84.55 84.56 94.90 94.91
12:24:18 0.000 92.66 92.67 92.39 92.39 103.81 103.81 103.60 103.60 92.43 92.45 84.56 84.57 94.91 94.91
12:24:20 0.000 92.66 92.67 92.39 92.39 103.81 103.81 103.60 103.60 92.45 92.45 84.57 84.57 94.91 94.91
12:24:22 0.000 92.67 92.67 92.39 92.39 103.80 103.81 103.59 103.60 92.44 92.45 84.57 84.57 94.91 94.91
12:24:24 0.000 92.66 92.68 92.39 92.39 103.81 103.81 103.59 103.60 92.44 92.45 84.57 84.57 94.91 94.91
12:24:26 0.000 92.68 92.69 92.39 92.41 103.80 103.81 103.59 103.60 92.45 92.45 84.57 84.57 94.91 94.92
12:24:28 0.000 92.68 92.69 92.41 92.41 103.80 103.80 103.59 103.60 92.45 92.45 84.57 84.57 94.91 94.91
12:24:30 0.000 92.68 92.69 92.41 92.42 103.79 103.80 103.59 103.61 92.44 92.45 84.56 84.57 94.90 94.91
12:24:32 0.000 92.67 92.68 92.42 92.43 103.79 103.80 103.60 103.61 92.44 92.44 84.55 84.56 94.90 94.90
12:24:34 0.000 92.66 92.67 92.43 92.43 103.79 103.79 103.60 103.61 92.44 92.45 84.54 84.55 94.90 94.90
12:24:36 0.000 92.65 92.66 92.43 92.43 103.79 103.80 103.60 103.61 92.44 92.44 84.53 84.54 94.89 94.90
12:24:38 0.000 92.65 92.66 92.43 92.43 103.79 103.80 103.60 103.61 92.43 92.44 84.52 84.53 94.89 94.90
12:24:40 0.000 92.65 92.65 92.43 92.44 103.79 103.79 103.60 103.60 92.43 92.44 84.51 84.52 94.89 94.90
12:24:42 0.000 92.63 92.65 92.44 92.45 103.78 103.79 103.59 103.60 92.42 92.43 84.50 84.51 94.88 94.89
12:24:44 0.000 92.62 92.63 92.44 92.45 103.78 103.79 103.59 103.60 92.42 92.42 84.49 84.50 94.87 94.88
12:24:46 0.000 92.62 92.63 92.44 92.45 103.77 103.78 103.59 103.60 92.40 92.42 84.48 84.49 94.86 94.87
12:24:48 0.000 92.63 92.63 92.44 92.45 103.77 103.77 103.60 103.60 92.39 92.40 84.47 84.48 94.85 94.86
12:24:50 0.000 92.63 92.64 92.44 92.44 103.77 103.77 103.60 103.60 92.38 92.39 84.45 84.47 94.85 94.85
12:24:52 0.000 92.64 92.64 92.44 92.45 103.77 103.78 103.59 103.60 92.37 92.38 84.44 84.45 94.84 94.85
12:24:54 0.000 92.63 92.64 92.44 92.45 103.77 103.78 103.59 103.59 92.37 92.37 84.42 84.44 94.82 94.84
12:24:56 0.000 92.62 92.63 92.43 92.44 103.77 103.77 103.59 103.59 92.37 92.37 84.41 84.42 94.82 94.82
12:24:58 0.000 92.63 92.65 92.43 92.44 103.77 103.77 103.59 103.60 92.36 92.37 84.40 84.41 94.81 94.82
