12:07:00 0.000 92.89 92.91 92.77 92.77 105.37 105.38 105.21 105.21 92.70 92.71 83.89 83.90 95.46 95.58
12:07:02 0.000 92.89 92.89 92.77 92.77 105.38 105.38 105.21 105.21 92.70 92.70 83.89 83.90 95.46 95.57
12:07:04 0.000 92.89 92.89 92.76 92.77 105.38 105.38 105.21 105.21 92.69 92.70 83.89 83.90 95.46 95.56
12:07:06 0.000 92.89 92.90 92.76 92.77 105.37 105.38 105.20 105.21 92.69 92.70 83.89 83.89 95.46 95.55
12:07:08 0.000 92.90 92.90 92.75 92.76 105.36 105.37 105.19 105.20 92.69 92.70 83.89 83.89 95.45 95.55
12:07:10 0.000 92.89 92.90 92.75 92.75 105.36 105.37 105.19 105.19 92.69 92.70 83.89 83.90 95.45 95.55
12:07:12 0.000 92.89 92.90 92.75 92.75 105.37 105.37 105.18 105.19 92.70 92.70 83.89 83.90 95.45 95.54
12:07:14 0.000 92.87 92.89 92.74 92.75 105.36 105.37 105.18 105.18 92.70 92.70 83.90 83.90 95.45 95.53
12:07:16 0.000 92.87 92.88 92.73 92.74 105.36 105.36 105.17 105.18 92.70 92.71 83.90 83.91 95.45 95.52
12:07:18 0.000 92.88 92.89 92.72 92.73 105.35 105.36 105.17 105.17 92.70 92.71 83.90 83.91 95.45 95.51
12:07:20 0.000 92.88 92.89 92.71 92.72 105.35 105.35 105.16 105.17 92.70 92.70 83.91 83.92 95.45 95.50
12:07:22 0.000 92.88 92.90 92.71 92.71 105.35 105.36 105.16 105.17 92.70 92.70 83.92 83.92 95.45 95.49
12:07:24 0.000 92.88 92.89 92.70 92.71 105.36 105.36 105.17 105.17 92.70 92.71 83.92 83.92 95.45 95.49
12:07:26 0.000 92.88 92.89 92.70 92.70 105.35 105.36 105.16 105.17 92.70 92.71 83.92 83.92 95.46 95.47
12:07:28 0.000 92.89 92.90 92.70 92.70 105.35 105.36 105.16 105.16 92.71 92.71 83.92 83.93 95.46 95.46
12:07:30 0.000 92.90 92.91 92.70 92.70 105.36 105.36 105.15 105.16 92.70 92.71 83.93 83.93 95.46 95.45
12:07:32 0.000 92.89 92.90 92.70 92.70 105.35 105.36 105.15 105.16 92.70 92.71 83.92 83.93 95.46 95.44
12:07:34 0.000 92.89 92.90 92.70 92.70 105.35 105.36 105.15 105.16 92.70 92.70 83.92 83.93 95.46 95.42
12:07:36 0.000 92.90 92.91 92.70 92.70 105.35 105.36 105.15 105.15 92.70 92.70 83.92 83.92 95.46 95.41
12:07:38 0.000 92.89 92.91 92.70 92.70 105.35 105.35 105.15 105.16 92.69 92.70 83.91 83.92 95.45 95.39
12:07:40 0.000 92.89 92.90 92.70 92.70 105.35 105.35 105.15 105.16 92.69 92.69 83.91 83.91 95.45 95.37
12:07:42 0.000 92.90 92.90 92.70 92.70 105.35 105.35 105.15 105.15 92.69 92.70 83.91 83.91 95.45 95.36
12:07:44 0.000 92.89 92.90 92.70 92.71 105.34 105.35 105.15 105.15 92.69 92.70 83.91 83.91 95.45 95.34
12:07:46 0.000 92.89 92.90 92.70 92.70 105.34 105.35 105.15 105.15 92.69 92.69 83.90 83.91 95.45 95.32
12:07:48 0.000 92.90 92.90 92.70 92.70 105.34 105.35 105.14 105.15 92.68 92.69 83.90 83.91 95.46 95.30
12:07:50 0.000 92.89 92.90 92.70 92.71 105.34 105.35 105.14 105.15 92.68 92.68 83.90 83.91 95.45 95.28
12:07:52 0.000 92.90 92.90 92.71 92.71 105.34 105.34 105.14 105.15 92.68 92.68 83.91 83.91 95.45 95.25
12:07:54 0.000 92.89 92.90 92.71 92.71 105.34 105.34 105.14 105.14 92.68 92.69 83.91 83.91 95.45 95.23
12:07:56 0.000 92.90 92.90 92.71 92.71 105.34 105.35 105.14 105.14 92.69 92.70 83.91 83.92 95.45 95.20
12:07:58 0.000 92.90 92.90 92.71 92.71 105.35 105.36 105.13 105.14 92.70 92.70 83.92 83.92 95.46 95.17
